;Rainfall (inches)
G0001  2000  01  06  16  30  0.00999079
G0001  2000  01  06  16  45  0.01000785
G0001  2000  01  06  17  15  0.02000162
G0001  2000  01  06  20  15  0.00999439
G0001  2000  01  07  12  15  0.00999092
G0001  2000  01  07  20  30  0.00999906
G0001  2000  01  08  15  15  0.01000719
G0001  2000  01  12  09  45  0.00999679
G0001  2000  01  12  10  00  0.04003168
G0001  2000  01  12  10  15  0.00999156
G0001  2000  01  12  10  30  0.00999871
G0001  2000  01  12  10  45  0.00999089
G0001  2000  01  12  11  00  0.01000523
G0001  2000  01  12  11  15  0.02000177
G0001  2000  01  12  11  30  0.00999179
G0001  2000  01  12  11  45  0.01000631
G0001  2000  01  12  12  00  0.01998369
G0001  2000  01  12  12  30  0.00999918
G0001  2000  01  12  12  45  0.00999674
G0001  2000  01  12  13  15  0.00999156
G0001  2000  01  12  13  30  0.01000925
G0001  2000  01  12  14  15  0.01000664
G0001  2000  01  12  14  45  0.07999207
G0001  2000  01  12  15  30  0.05000689
G0001  2000  01  12  16  00  0.01000424
G0001  2000  01  12  16  15  0.02000831
G0001  2000  01  12  16  30  0.01000106
G0001  2000  01  12  16  45  0.0800407
G0001  2000  01  12  17  00  0.17016685
G0001  2000  01  12  17  15  0.02000934
G0001  2000  01  12  17  45  0.01000362
G0001  2000  01  12  18  15  0.01000124
G0001  2000  01  12  19  45  0.00999526
G0001  2000  01  12  20  00  0.01000751
G0001  2000  01  15  01  15  0.04003185
G0001  2000  01  15  01  30  0.00999833
G0001  2000  01  15  01  45  0.01000825
G0001  2000  01  15  02  00  0.02001695
G0001  2000  01  15  03  00  0.01998811
G0001  2000  01  15  04  15  0.0399981
G0001  2000  01  15  05  00  0.04999393
G0001  2000  01  15  06  00  0.01999992
G0001  2000  01  15  06  15  0.02001405
G0001  2000  01  15  06  30  0.02999381
G0001  2000  01  15  06  45  0.1400961
G0001  2000  01  15  07  00  0.08995021
G0001  2000  01  15  07  15  0.01000682
G0001  2000  01  15  07  30  0.03997699
G0001  2000  01  15  07  45  0.03000866
G0001  2000  01  15  08  00  0.10005271
G0001  2000  01  15  08  15  0.06996779
G0001  2000  01  15  08  30  0.02997081
G0001  2000  01  15  08  45  0.02000405
G0001  2000  01  15  09  00  0.05996099
G0001  2000  01  15  09  15  0.01000494
G0001  2000  01  15  09  45  0.00999603
G0001  2000  01  19  05  00  0.00999637
G0001  2000  01  20  17  45  0.01000946
G0001  2000  01  26  08  15  0.00999504
G0001  2000  01  26  08  30  0.01000589
G0001  2000  01  26  09  00  0.0099943
G0001  2000  01  26  11  00  0.01000556
G0001  2000  01  26  12  15  0.00999853
G0001  2000  01  26  12  30  0.02001683
G0001  2000  01  26  13  45  0.00999918
G0001  2000  01  26  14  15  0.01000158
G0001  2000  01  26  14  30  0.01000846
G0001  2000  01  26  15  00  0.03000228
G0001  2000  01  26  16  00  0.01000531
G0001  2000  01  26  17  00  0.00999693
G0001  2000  01  26  17  30  0.00999945
G0001  2000  01  26  18  00  0.01000112
G0001  2000  01  26  18  30  0.00999933
G0001  2000  01  26  20  30  0.01000812
G0001  2000  01  26  20  45  0.02000092
G0001  2000  01  26  21  00  0.01000758
G0001  2000  01  26  21  15  0.01000397
G0001  2000  01  26  21  30  0.01000204
G0001  2000  01  26  21  45  0.03001115
G0001  2000  01  26  22  00  0.00999789
G0001  2000  01  26  22  15  0.02997017
G0001  2000  01  26  22  30  0.04999637
G0001  2000  01  26  23  00  0.02000422
G0001  2000  01  26  23  15  0.02000837
G0001  2000  01  26  23  30  0.06996163
G0001  2000  01  26  23  45  0.00999323
G0001  2000  01  27  00  00  0.03000419
G0001  2000  01  30  02  00  0.01000472
G0001  2000  01  30  02  15  0.01000872
G0001  2000  01  30  03  00  0.01000046
G0001  2000  01  30  03  15  0.02001288
G0001  2000  01  30  03  30  0.00999272
G0001  2000  02  03  01  30  0.00999257
G0001  2000  02  03  03  30  0.01000985
G0001  2000  02  03  04  15  0.00999572
G0001  2000  02  03  04  45  0.00999971
G0001  2000  02  03  05  30  0.07001632
G0001  2000  02  03  09  00  0.00999875
G0001  2000  02  03  12  45  0.01000814
G0001  2000  02  05  03  30  0.01000785
G0001  2000  02  05  04  15  0.01000341
G0001  2000  02  05  04  30  0.02001838
G0001  2000  02  05  04  45  0.01000476
G0001  2000  02  05  05  15  0.01000899
G0001  2000  02  05  06  00  0.02001159
G0001  2000  02  05  07  00  0.02998532
G0001  2000  02  05  08  00  0.0100079
G0001  2000  02  05  09  30  0.01000969
G0001  2000  02  05  10  30  0.04002456
G0001  2000  02  05  10  45  0.02001163
G0001  2000  02  05  11  00  0.02000008
G0001  2000  02  05  12  15  0.01998309
G0001  2000  02  06  05  30  0.01000887
G0001  2000  02  06  06  00  0.0299862
G0001  2000  02  06  07  00  0.00999916
G0001  2000  02  06  08  15  0.00999653
G0001  2000  02  06  10  45  0.00999664
G0001  2000  02  06  11  00  0.01000092
G0001  2000  02  06  12  00  0.00999033
G0001  2000  02  14  03  45  0.00999912
G0001  2000  02  14  04  15  0.01000077
G0001  2000  02  14  05  00  0.00999213
G0001  2000  02  14  05  15  0.00999488
G0001  2000  02  14  05  30  0.04000156
G0001  2000  02  14  05  45  0.03001938
G0001  2000  02  14  06  00  0.03001179
G0001  2000  02  14  06  15  0.12000894
G0001  2000  02  14  06  30  0.0200147
G0001  2000  02  14  06  45  0.01998775
G0001  2000  02  14  07  00  0.05995775
G0001  2000  02  14  07  15  0.01000589
G0001  2000  02  14  08  00  0.0200198
G0001  2000  02  14  08  15  0.01000134
G0001  2000  02  14  10  30  0.00999798
G0001  2000  02  15  05  00  0.00999981
G0001  2000  02  15  07  15  0.00999804
G0001  2000  02  15  09  30  0.01000701
G0001  2000  02  15  11  30  0.00999395
G0001  2000  02  15  11  45  0.00999094
G0001  2000  02  15  12  00  0.00999316
G0001  2000  02  15  13  15  0.01000851
G0001  2000  02  15  15  00  0.02000275
G0001  2000  02  15  16  00  0.00999636
G0001  2000  02  15  17  30  0.01000246
G0001  2000  02  15  18  15  0.00999289
G0001  2000  02  15  18  30  0.01000362
G0001  2000  02  15  19  00  0.03000439
G0001  2000  02  15  20  45  0.00999893
G0001  2000  02  15  21  30  0.00999229
G0001  2000  02  15  21  45  0.01000401
G0001  2000  02  15  22  00  0.00999712
G0001  2000  02  15  23  00  0.01000044
G0001  2000  02  15  23  15  0.00999583
G0001  2000  02  16  00  00  0.02999074
G0001  2000  02  16  01  15  0.00999868
G0001  2000  02  16  01  45  0.00999107
G0001  2000  02  21  03  15  0.00999544
G0001  2000  02  21  03  45  0.01000003
G0001  2000  02  21  04  15  0.02000857
G0001  2000  02  21  05  00  0.01000092
G0001  2000  02  21  06  15  0.00999648
G0001  2000  02  21  06  30  0.00999375
G0001  2000  02  21  07  00  0.00999392
G0001  2000  02  21  09  30  0.00999522
G0001  2000  02  21  09  45  0.01000544
G0001  2000  02  21  10  15  0.00999961
G0001  2000  02  21  10  30  0.01000759
G0001  2000  02  21  10  45  0.04002172
G0001  2000  02  21  11  00  0.02000261
G0001  2000  02  21  11  15  0.01000593
G0001  2000  02  21  11  45  0.02001873
G0001  2000  02  21  12  15  0.01999769
G0001  2000  02  21  13  45  0.00999536
G0001  2000  02  21  14  00  0.0099958
G0001  2000  02  21  14  15  0.01999403
G0001  2000  02  21  14  30  0.04003586
G0001  2000  02  21  14  45  0.019989
G0001  2000  02  21  15  00  0.01998477
G0001  2000  02  21  15  15  0.04995318
G0001  2000  02  21  15  30  0.03000657
G0001  2000  02  21  15  45  0.04003771
G0001  2000  02  21  16  00  0.00999086
G0001  2000  02  21  16  15  0.00999767
G0001  2000  02  21  16  30  0.01000873
G0001  2000  02  21  16  45  0.08995007
G0001  2000  02  21  17  00  0.00999658
G0001  2000  02  21  17  15  0.07999242
G0001  2000  02  21  17  30  0.01000824
G0001  2000  02  21  17  45  0.01000584
G0001  2000  02  21  18  15  0.06996782
G0001  2000  02  21  19  00  0.00999515
G0001  2000  02  21  19  15  0.01000712
G0001  2000  02  22  04  45  0.0099913
G0001  2000  02  22  05  30  0.05000713
G0001  2000  02  22  06  00  0.00999426
G0001  2000  02  22  06  45  0.00999404
G0001  2000  02  22  07  00  0.06004379
G0001  2000  02  22  07  15  0.0200186
G0001  2000  02  22  07  45  0.00999648
G0001  2000  02  22  08  15  0.01000399
G0001  2000  02  22  08  30  0.00999114
G0001  2000  02  22  11  00  0.00999607
G0001  2000  02  22  11  15  0.01998647
G0001  2000  02  24  11  15  0.01000066
G0001  2000  02  24  11  30  0.04001105
G0001  2000  02  24  11  45  0.00999494
G0001  2000  02  24  12  00  0.00999483
G0001  2000  02  24  12  30  0.00999949
G0001  2000  02  24  13  45  0.00999095
G0001  2000  02  24  14  30  0.01000507
G0001  2000  02  24  14  45  0.02001246
G0001  2000  02  24  15  00  0.03000147
G0001  2000  02  24  15  15  0.01000432
G0001  2000  02  24  16  00  0.01000364
G0001  2000  02  24  16  30  0.02000572
G0001  2000  02  24  17  45  0.01000231
G0001  2000  02  24  18  15  0.0199869
G0001  2000  02  24  19  45  0.01000088
G0001  2000  02  24  20  15  0.05000101
G0001  2000  02  24  20  30  0.00999497
G0001  2000  02  24  20  45  0.01000101
G0001  2000  02  24  21  00  0.03002823
G0001  2000  02  24  22  15  0.01999189
G0001  2000  02  24  22  30  0.0099975
G0001  2000  02  24  23  00  0.02000211
G0001  2000  02  24  23  15  0.00999717
G0001  2000  02  24  23  30  0.00999219
G0001  2000  02  24  23  45  0.00999617
G0001  2000  02  25  00  00  0.00999301
G0001  2000  02  25  00  15  0.02001279
G0001  2000  02  25  00  30  0.01998979
G0001  2000  02  25  01  45  0.01000242
G0001  2000  02  25  02  00  0.02999377
G0001  2000  02  25  03  00  0.01998616
G0001  2000  02  25  04  00  0.01999757
G0001  2000  02  25  06  00  0.02998212
G0001  2000  02  25  06  15  0.01000144
G0001  2000  02  25  06  30  0.01000191
G0001  2000  02  25  06  45  0.00999919
G0001  2000  02  26  18  15  0.00999651
G0001  2000  02  26  18  45  0.0099935
G0001  2000  02  26  19  30  0.02000601
G0001  2000  02  26  21  30  0.01999964
G0001  2000  02  26  21  45  0.0099943
G0001  2000  02  26  22  00  0.040019
G0001  2000  02  26  22  15  0.00999048
G0001  2000  02  26  23  00  0.01999351
G0001  2000  02  27  00  15  0.00999867
G0001  2000  02  27  00  30  0.00999652
G0001  2000  02  27  01  00  0.02001764
G0001  2000  02  27  02  00  0.00999443
G0001  2000  02  27  02  15  0.02999098
G0001  2000  02  27  03  00  0.00999451
G0001  2000  02  27  04  00  0.00999143
G0001  2000  02  27  04  30  0.01000498
G0001  2000  03  05  06  45  0.01000037
G0001  2000  03  05  07  30  0.01000789
G0001  2000  03  06  05  15  0.0100069
G0001  2000  03  06  06  30  0.0199924
G0001  2000  03  06  07  15  0.01000218
G0001  2000  03  07  04  00  0.0099949
G0001  2000  03  07  08  15  0.01000828
G0001  2000  03  07  12  45  0.01000138
G0001  2000  03  07  13  15  0.00999491
G0001  2000  03  07  16  45  0.00999616
G0001  2000  03  07  17  30  0.0100024
G0001  2000  03  07  17  45  0.00999426
G0001  2000  03  07  18  30  0.01000638
G0001  2000  03  07  20  15  0.00999842
G0001  2000  03  07  22  30  0.00999156
G0001  2000  03  08  06  00  0.01000463
G0001  2000  03  08  06  15  0.0100084
G0001  2000  03  08  08  15  0.01998001
G0001  2000  03  08  10  30  0.00999016
G0001  2000  03  08  11  15  0.01000208
G0001  2000  03  08  14  00  0.01000893
G0001  2000  03  08  15  15  0.00999338
G0001  2000  03  11  21  45  0.00999602
G0001  2000  03  11  22  00  0.00999832
G0001  2000  03  12  12  45  0.01000587
G0001  2000  03  12  13  15  0.01000793
G0001  2000  03  12  13  45  0.0100025
G0001  2000  03  12  14  45  0.02000541
G0001  2000  03  12  16  45  0.00999162
G0001  2000  03  12  17  00  0.00999578
G0001  2000  03  12  17  30  0.02000043
G0001  2000  03  12  18  00  0.01000767
G0001  2000  03  12  20  15  0.02001794
G0001  2000  03  12  22  15  0.00999894
G0001  2000  03  18  14  15  0.07004592
G0001  2000  03  18  14  30  0.01000315
G0001  2000  03  18  17  00  0.00999037
G0001  2000  03  18  17  15  0.07002528
G0001  2000  03  18  17  30  0.13986776
G0001  2000  03  18  17  45  0.08006698
G0001  2000  03  18  18  00  0.10990348
G0001  2000  03  18  18  15  0.01998336
G0001  2000  03  18  18  30  0.01998975
G0001  2000  03  18  19  00  0.10992847
G0001  2000  03  18  19  15  0.01000303
G0001  2000  03  18  19  30  0.02999619
G0001  2000  03  18  19  45  0.01000793
G0001  2000  03  18  20  00  0.05004891
G0001  2000  03  18  20  30  0.02000706
G0001  2000  03  20  19  45  0.0099925
G0001  2000  03  20  20  30  0.01999142
G0001  2000  03  20  21  00  0.03002069
G0001  2000  03  20  22  00  0.01000618
G0001  2000  03  20  23  15  0.010004
G0001  2000  03  21  00  00  0.00999222
G0001  2000  03  21  00  15  0.01000733
G0001  2000  03  21  00  30  0.00999966
G0001  2000  03  21  00  45  0.05004875
G0001  2000  03  21  01  00  0.0100085
G0001  2000  03  21  01  15  0.02000153
G0001  2000  03  21  01  30  0.01000407
G0001  2000  03  21  01  45  0.07998622
G0001  2000  03  21  02  00  0.01999412
G0001  2000  03  21  02  15  0.06997885
G0001  2000  03  21  02  30  0.02999763
G0001  2000  03  21  02  45  0.01999358
G0001  2000  03  21  03  00  0.07996237
G0001  2000  03  21  03  15  0.02001041
G0001  2000  03  21  03  30  0.01000044
G0001  2000  03  21  03  45  0.01999553
G0001  2000  03  21  04  00  0.01000386
G0001  2000  03  21  04  15  0.08006778
G0001  2000  03  21  04  30  0.00999772
G0001  2000  03  21  04  45  0.00999356
G0001  2000  03  21  05  00  0.05995049
G0001  2000  03  21  06  00  0.01999203
G0001  2000  03  21  06  30  0.01000524
G0001  2000  03  21  06  45  0.04001991
G0001  2000  03  21  07  15  0.0200152
G0001  2000  03  21  07  45  0.01000926
G0001  2000  03  24  14  30  0.01999783
G0001  2000  03  24  15  00  0.01999276
G0001  2000  03  24  15  15  0.03998071
G0001  2000  03  24  15  30  0.0399687
G0001  2000  03  24  15  45  0.00999978
G0001  2000  03  24  16  00  0.02001117
G0001  2000  03  24  16  30  0.039991
G0001  2000  03  24  16  45  0.01998777
G0001  2000  03  24  17  00  0.00999113
G0001  2000  03  24  17  15  0.0099948
G0001  2000  03  24  17  30  0.10997913
G0001  2000  03  24  17  45  0.00999289
G0001  2000  03  24  18  00  0.11003739
G0001  2000  03  24  18  15  0.01998084
G0001  2000  03  24  18  30  0.01998887
G0001  2000  03  24  18  45  0.02999262
G0001  2000  03  24  19  00  0.01000614
G0001  2000  03  24  19  15  0.07999255
G0001  2000  03  24  19  30  0.03000554
G0001  2000  03  24  19  45  0.03001863
G0001  2000  03  24  20  30  0.06005063
G0001  2000  03  24  20  45  0.00999034
G0001  2000  03  24  21  00  0.03001595
G0001  2000  03  24  21  15  0.16998336
G0001  2000  03  24  21  30  0.0400368
G0001  2000  03  24  21  45  0.05997004
G0001  2000  03  24  22  00  0.02997679
G0001  2000  03  24  22  15  0.22003872
G0001  2000  03  24  22  30  0.05001664
G0001  2000  03  24  22  45  0.02998472
G0001  2000  03  24  23  00  0.06999054
G0001  2000  03  24  23  15  0.04997504
G0001  2000  03  24  23  30  0.01999547
G0001  2000  03  24  23  45  0.02000765
G0001  2000  03  25  00  00  0.05002188
G0001  2000  03  25  01  00  0.03999587
G0001  2000  03  25  02  00  0.02999857
G0001  2000  03  25  03  15  0.01000323
G0001  2000  03  25  04  30  0.02000785
G0001  2000  03  25  05  45  0.01000181
G0001  2000  03  25  06  45  0.01000379
G0001  2000  03  25  07  15  0.00999584
G0001  2000  03  30  06  30  0.01000293
G0001  2000  03  30  06  45  0.01000762
G0001  2000  03  30  07  00  0.00999626
G0001  2000  03  30  07  15  0.01000747
G0001  2000  03  30  07  30  0.01000064
G0001  2000  03  30  08  45  0.01000674
G0001  2000  03  30  09  30  0.01000865
G0001  2000  03  30  10  00  0.00999094
G0001  2000  03  30  10  15  0.01000513
G0001  2000  03  30  10  30  0.01000318
G0001  2000  03  30  10  45  0.04996066
G0001  2000  03  30  11  00  0.04002982
G0001  2000  03  30  11  15  0.00999554
G0001  2000  03  30  11  30  0.00999949
G0001  2000  03  30  11  45  0.00999528
G0001  2000  03  30  12  15  0.0199878
G0001  2000  03  30  12  45  0.01998157
G0001  2000  03  30  14  45  0.00999808
G0001  2000  03  30  15  15  0.01000686
G0001  2000  03  30  18  00  0.01000808
G0001  2000  03  30  18  15  0.02999164
G0001  2000  03  30  18  30  0.0299798
G0001  2000  03  30  18  45  0.05004733
G0001  2000  03  30  19  00  0.01000086
G0001  2000  03  30  19  15  0.1600285
G0001  2000  03  30  19  30  0.02001356
G0001  2000  03  30  19  45  0.0200189
G0001  2000  03  30  20  00  0.01000427
G0001  2000  03  30  20  15  0.07999023
G0001  2000  03  30  21  00  0.03000381
G0001  2000  03  30  21  45  0.01000758
G0001  2000  03  30  22  00  0.02001408
G0001  2000  03  30  23  00  0.01000506
G0001  2000  03  30  23  30  0.03001095
G0001  2000  03  31  00  30  0.01000177
G0001  2000  03  31  01  00  0.00999573
G0001  2000  03  31  03  15  0.01000537
G0001  2000  03  31  03  30  0.02000647
G0001  2000  03  31  04  00  0.02999931
G0001  2000  03  31  05  00  0.00999028
G0001  2000  03  31  05  15  0.01000639
G0001  2000  03  31  06  45  0.01000575
G0001  2000  03  31  09  00  0.00999446
G0001  2000  03  31  12  30  0.01000762
G0001  2000  03  31  15  30  0.00999171
G0001  2000  03  31  17  30  0.00999968
G0001  2000  03  31  21  15  0.01000106
G0001  2000  04  01  03  30  0.0100094
G0001  2000  04  03  07  30  0.04002233
G0001  2000  04  03  08  00  0.02999106
G0001  2000  04  03  10  30  0.01000031
G0001  2000  04  03  11  00  0.02998928
G0001  2000  04  03  12  30  0.02001301
G0001  2000  04  03  12  45  0.01998057
G0001  2000  04  03  13  00  0.06002469
G0001  2000  04  03  13  15  0.0200105
G0001  2000  04  03  13  30  0.02000648
G0001  2000  04  03  13  45  0.01999532
G0001  2000  04  03  14  00  0.0200061
G0001  2000  04  03  14  15  0.04003236
G0001  2000  04  03  14  30  0.00999468
G0001  2000  04  03  14  45  0.03001159
G0001  2000  04  03  15  00  0.00999515
G0001  2000  04  03  15  30  0.03997784
G0001  2000  04  03  15  45  0.00999317
G0001  2000  04  03  16  00  0.04998867
G0001  2000  04  04  12  45  0.01000661
G0001  2000  04  04  13  15  0.02000491
G0001  2000  04  04  13  30  0.01000188
G0001  2000  04  04  19  15  0.01000815
G0001  2000  04  05  01  30  0.00999445
G0001  2000  04  05  03  00  0.00999114
G0001  2000  04  05  07  30  0.01000673
G0001  2000  04  05  13  45  0.01000445
G0001  2000  04  05  18  15  0.01000446
G0001  2000  04  05  22  30  0.0100006
G0001  2000  04  06  04  15  0.01000273
G0001  2000  04  06  04  30  0.08991288
G0001  2000  04  06  04  45  0.02001879
G0001  2000  04  06  05  00  0.03000764
G0001  2000  04  06  05  15  0.00999672
G0001  2000  04  06  05  30  0.00999975
G0001  2000  04  06  06  00  0.01998566
G0001  2000  04  06  06  15  0.01999074
G0001  2000  04  06  06  30  0.04995065
G0001  2000  04  06  06  45  0.05002175
G0001  2000  04  06  07  00  0.03996997
G0001  2000  04  06  07  15  0.00999909
G0001  2000  04  06  07  30  0.02000454
G0001  2000  04  06  07  45  0.02001931
G0001  2000  04  06  08  00  0.04000679
G0001  2000  04  06  08  15  0.01000332
G0001  2000  04  06  08  30  0.01000995
G0001  2000  04  06  08  45  0.01999451
G0001  2000  04  06  09  00  0.0099972
G0001  2000  04  06  09  15  0.05000259
G0001  2000  04  06  10  00  0.01999633
G0001  2000  04  06  10  15  0.01000614
G0001  2000  04  06  11  45  0.00999972
G0001  2000  04  06  12  15  0.0100066
G0001  2000  04  06  12  30  0.01000124
G0001  2000  04  06  13  00  0.01998414
G0001  2000  04  08  01  15  0.00999562
G0001  2000  04  08  01  30  0.01998234
G0001  2000  04  08  02  00  0.01000578
G0001  2000  04  08  02  15  0.07993622
G0001  2000  04  08  02  30  0.03002375
G0001  2000  04  08  02  45  0.02997206
G0001  2000  04  08  03  00  0.06004935
G0001  2000  04  08  03  15  0.01999511
G0001  2000  04  08  03  30  0.01000724
G0001  2000  04  08  03  45  0.02001582
G0001  2000  04  08  04  00  0.08005879
G0001  2000  04  08  04  15  0.00999954
G0001  2000  04  08  04  30  0.01000739
G0001  2000  04  08  04  45  0.01998131
G0001  2000  04  08  05  30  0.02997031
G0001  2000  04  08  06  30  0.00999214
G0001  2000  04  08  07  15  0.00999251
G0001  2000  04  08  07  30  0.0200042
G0001  2000  04  08  08  45  0.00999223
G0001  2000  04  08  09  30  0.01000794
G0001  2000  04  09  09  15  0.0100095
G0001  2000  04  09  10  00  0.01000126
G0001  2000  04  09  10  45  0.00999205
G0001  2000  04  09  12  30  0.01000299
G0001  2000  04  09  13  45  0.01000126
G0001  2000  04  10  18  15  0.02000341
G0001  2000  04  10  18  30  0.02001282
G0001  2000  04  10  18  45  0.00999224
G0001  2000  04  14  13  15  0.00999865
G0001  2000  04  14  13  45  0.01000931
G0001  2000  04  15  14  00  0.00999149
G0001  2000  04  15  15  45  0.00999406
G0001  2000  04  15  16  45  0.00999353
G0001  2000  04  15  17  15  0.00999223
G0001  2000  04  15  17  30  0.01000427
G0001  2000  04  15  19  45  0.01000354
G0001  2000  04  15  20  30  0.02001149
G0001  2000  04  15  21  30  0.0600461
G0001  2000  04  15  22  00  0.04002451
G0001  2000  04  15  22  30  0.01000173
G0001  2000  04  15  23  00  0.03002669
G0001  2000  04  15  23  30  0.06000094
G0001  2000  04  15  23  45  0.00999331
G0001  2000  04  16  00  00  0.02001984
G0001  2000  04  16  00  15  0.02001331
G0001  2000  04  16  00  30  0.03996708
G0001  2000  04  16  00  45  0.13008614
G0001  2000  04  16  01  00  0.03998004
G0001  2000  04  16  01  15  0.00999202
G0001  2000  04  16  01  30  0.01000767
G0001  2000  04  16  01  45  0.12009924
G0001  2000  04  16  02  00  0.13000091
G0001  2000  04  16  02  15  0.04000738
G0001  2000  04  16  02  30  0.02001247
G0001  2000  04  16  02  45  0.04000673
G0001  2000  04  16  03  00  0.1399133
G0001  2000  04  16  03  15  0.02998896
G0001  2000  04  16  03  30  0.06000541
G0001  2000  04  16  03  45  0.03996939
G0001  2000  04  16  04  00  0.04001467
G0001  2000  04  16  04  15  0.01999006
G0001  2000  04  16  05  15  0.00999369
G0001  2000  04  16  05  30  0.00999496
G0001  2000  04  16  06  45  0.04001634
G0001  2000  04  16  07  00  0.0399742
G0001  2000  04  16  08  15  0.01998393
G0001  2000  04  16  08  30  0.01000562
G0001  2000  04  16  09  15  0.01000101
G0001  2000  04  16  09  30  0.01000673
G0001  2000  04  16  10  00  0.0300027
G0001  2000  04  16  12  30  0.00999039
G0001  2000  04  16  15  15  0.00999266
G0001  2000  04  16  17  00  0.00999018
G0001  2000  04  16  18  15  0.04001857
G0001  2000  04  16  22  45  0.01000487
G0001  2000  04  18  08  15  0.01998025
G0001  2000  04  18  08  30  0.01999852
G0001  2000  04  19  06  30  0.00999054
G0001  2000  04  19  07  15  0.01000462
G0001  2000  04  29  18  45  0.01000234
G0001  2000  04  29  19  00  0.02999371
G0001  2000  04  29  20  00  0.02000762
G0001  2000  04  29  20  15  0.06998831
G0001  2000  04  29  20  30  0.01998122
G0001  2000  04  29  20  45  0.00999841
G0001  2000  04  29  21  00  0.02001396
G0001  2000  04  29  22  15  0.02000035
G0001  2000  04  29  23  45  0.00999702
G0001  2000  04  30  00  30  0.01000091
G0001  2000  04  30  00  45  0.02001784
G0001  2000  04  30  01  15  0.00999686
G0001  2000  04  30  01  30  0.01000126
G0001  2000  04  30  02  00  0.01000068
G0001  2000  04  30  02  15  0.01000852
G0001  2000  04  30  02  45  0.01999342
G0001  2000  04  30  03  00  0.01999427
G0001  2000  04  30  03  15  0.0200182
G0001  2000  04  30  03  30  0.02001021
G0001  2000  04  30  03  45  0.04997804
G0001  2000  04  30  04  00  0.01000856
G0001  2000  04  30  04  15  0.00999798
G0001  2000  04  30  04  30  0.02001765
G0001  2000  04  30  04  45  0.08998364
G0001  2000  04  30  05  00  0.04996114
G0001  2000  04  30  05  15  0.10007376
G0001  2000  04  30  05  30  0.12990609
G0001  2000  04  30  05  45  0.04998132
G0001  2000  04  30  06  00  0.150137
G0001  2000  04  30  06  15  0.0899367
G0001  2000  04  30  06  30  0.06994927
G0001  2000  04  30  06  45  0.07004132
G0001  2000  04  30  07  00  0.12999618
G0001  2000  04  30  07  15  0.03996658
G0001  2000  04  30  07  30  0.04001336
G0001  2000  04  30  07  45  0.06001162
G0001  2000  04  30  08  00  0.12004645
G0001  2000  04  30  08  15  0.01999682
G0001  2000  04  30  08  45  0.01000039
G0001  2000  05  01  23  15  0.00999888
G0001  2000  05  01  23  30  0.01999837
G0001  2000  05  02  00  30  0.01000414
G0001  2000  05  02  01  15  0.01000608
G0001  2000  05  02  01  30  0.08993961
G0001  2000  05  02  01  45  0.00999797
G0001  2000  05  02  02  00  0.02999833
G0001  2000  05  02  03  15  0.07002026
G0001  2000  05  02  03  30  0.00999528
G0001  2000  05  02  04  15  0.01000337
G0001  2000  05  02  05  30  0.01000987
G0001  2000  05  02  06  00  0.06995365
G0001  2000  05  02  06  15  0.00999563
G0001  2000  05  02  06  30  0.02999296
G0001  2000  05  02  06  45  0.00999658
G0001  2000  05  02  07  00  0.01000417
G0001  2000  05  02  08  15  0.02001298
G0001  2000  05  02  08  30  0.01999559
G0001  2000  05  02  08  45  0.04996483
G0001  2000  05  02  09  00  0.02001758
G0001  2000  05  02  09  15  0.05004367
G0001  2000  05  02  09  30  0.00999975
G0001  2000  05  02  10  00  0.00999522
G0001  2000  05  02  10  15  0.00999317
G0001  2000  05  02  10  30  0.04003634
G0001  2000  05  02  11  00  0.04002356
G0001  2000  05  02  11  45  0.00999258
G0001  2000  05  02  12  00  0.02997105
G0001  2000  05  02  12  15  0.00999501
G0001  2000  05  02  12  30  0.00999757
G0001  2000  05  02  12  45  0.00999774
G0001  2000  05  05  18  30  0.00999145
G0001  2000  05  05  20  45  0.0100014
G0001  2000  05  05  22  30  0.02001905
G0001  2000  05  05  22  45  0.01000534
G0001  2000  05  05  23  30  0.00999697
G0001  2000  05  05  23  45  0.02001975
G0001  2000  05  06  00  00  0.12008516
G0001  2000  05  06  00  15  0.00999554
G0001  2000  05  06  00  30  0.0199885
G0001  2000  05  06  00  45  0.01000574
G0001  2000  05  06  01  15  0.01999729
G0001  2000  05  06  02  00  0.03000208
G0001  2000  05  06  02  15  0.00999728
G0001  2000  05  06  02  30  0.01998682
G0001  2000  05  06  05  45  0.00999678
G0001  2000  05  06  06  30  0.01000348
G0001  2000  05  06  08  00  0.00999493
G0001  2000  05  06  09  15  0.0100053
G0001  2000  05  06  09  45  0.03000411
G0001  2000  05  06  10  00  0.01999794
G0001  2000  05  06  10  15  0.01000654
G0001  2000  05  06  10  30  0.00999773
G0001  2000  05  06  10  45  0.01000993
G0001  2000  05  06  11  00  0.04995462
G0001  2000  05  06  11  15  0.01000112
G0001  2000  05  06  11  30  0.01000271
G0001  2000  05  07  05  30  0.03996107
G0001  2000  05  10  10  45  0.00999361
G0001  2000  05  10  11  00  0.02999816
G0001  2000  05  10  12  30  0.04997626
G0001  2000  05  10  13  00  0.01999183
G0001  2000  05  10  13  30  0.00999365
G0001  2000  05  10  13  45  0.03000048
G0001  2000  05  10  14  00  0.00999195
G0001  2000  05  10  14  30  0.05001637
G0001  2000  05  10  14  45  0.05000295
G0001  2000  05  10  15  00  0.01998555
G0001  2000  05  10  15  30  0.02001312
G0001  2000  05  10  15  45  0.05003101
G0001  2000  05  10  16  30  0.0700492
G0001  2000  05  10  17  00  0.00999458
G0001  2000  05  10  17  15  0.01998509
G0001  2000  05  10  17  30  0.01000652
G0001  2000  05  10  17  45  0.02000118
G0001  2000  05  10  18  30  0.01000279
G0001  2000  05  10  18  45  0.02000808
G0001  2000  05  10  19  30  0.07001065
G0001  2000  05  10  19  45  0.00999235
G0001  2000  05  10  20  15  0.03997477
G0001  2000  05  10  21  30  0.04996417
G0001  2000  05  10  22  00  0.01998503
G0001  2000  05  10  22  15  0.00999575
G0001  2000  05  10  23  30  0.0199828
G0001  2000  05  11  00  30  0.04999958
G0001  2000  05  11  00  45  0.01000592
G0001  2000  05  11  01  00  0.03002973
G0001  2000  05  11  01  15  0.02999967
G0001  2000  05  11  01  30  0.05999461
G0001  2000  05  11  01  45  0.02998266
G0001  2000  05  11  02  00  0.02998426
G0001  2000  05  11  02  15  0.09999784
G0001  2000  05  11  02  30  0.05004147
G0001  2000  05  11  02  45  0.01000004
G0001  2000  05  11  03  00  0.06994888
G0001  2000  05  11  03  15  0.00999576
G0001  2000  05  11  03  30  0.01998723
G0001  2000  05  11  03  45  0.01000764
G0001  2000  05  11  04  00  0.08002111
G0001  2000  05  11  04  30  0.01000219
G0001  2000  05  11  04  45  0.0099902
G0001  2000  05  11  05  15  0.03002664
G0001  2000  05  11  05  30  0.32002364
G0001  2000  05  11  05  45  0.05002733
G0001  2000  05  11  06  00  0.11996918
G0001  2000  05  11  06  15  0.29985743
G0001  2000  05  11  06  30  0.17002813
G0001  2000  05  11  06  45  0.13003207
G0001  2000  05  11  07  00  0.180117
G0001  2000  05  11  07  15  0.02997523
G0001  2000  05  11  07  30  0.02000843
G0001  2000  05  11  07  45  0.01000919
G0001  2000  05  11  08  00  0.00999431
G0001  2000  05  11  08  15  0.00999964
G0001  2000  05  11  09  15  0.00999123
G0001  2000  05  11  20  00  0.01000314
G0001  2000  05  11  21  00  0.01999836
G0001  2000  05  11  21  15  0.02000043
G0001  2000  05  11  21  30  0.120044
G0001  2000  05  11  21  45  0.04996315
G0001  2000  05  11  22  00  0.00999195
G0001  2000  05  11  22  15  0.01000971
G0001  2000  05  11  22  30  0.09007588
G0001  2000  05  11  23  00  0.07001921
G0001  2000  05  11  23  15  0.0100031
G0001  2000  05  11  23  30  0.01000342
G0001  2000  05  11  23  45  0.0100011
G0001  2000  05  12  00  15  0.01000995
G0001  2000  05  12  01  30  0.03999132
G0001  2000  05  12  01  45  0.00999638
G0001  2000  05  12  02  00  0.04001425
G0001  2000  05  12  02  15  0.03002064
G0001  2000  05  12  02  30  0.12993691
G0001  2000  05  12  02  45  0.00999455
G0001  2000  05  12  20  30  0.00999118
G0001  2000  05  12  20  45  0.010004
G0001  2000  05  12  21  00  0.01000135
G0001  2000  05  12  21  15  0.02000834
G0001  2000  05  12  21  30  0.02001061
G0001  2000  05  12  21  45  0.00999205
G0001  2000  05  12  22  30  0.0499538
G0001  2000  05  12  22  45  0.01000135
G0001  2000  05  12  23  00  0.04999286
G0001  2000  05  12  23  15  0.0200168
G0001  2000  05  12  23  45  0.01000096
G0001  2000  05  13  00  00  0.02000084
G0001  2000  05  17  03  00  0.01998058
G0001  2000  05  17  03  30  0.01998963
G0001  2000  05  17  03  45  0.01998995
G0001  2000  05  24  04  15  0.08001725
G0001  2000  05  24  04  30  0.01998226
G0001  2000  05  24  17  15  0.00999791
G0001  2000  05  24  17  30  0.05999975
G0001  2000  05  24  17  45  0.00999716
G0001  2000  05  24  18  15  0.00999249
G0001  2000  05  27  13  00  0.01000019
G0001  2000  05  27  13  15  0.00999917
G0001  2000  05  27  13  30  0.02000824
G0001  2000  05  27  13  45  0.13986989
G0001  2000  05  27  14  00  0.04000469
G0001  2000  05  27  14  15  0.09998545
G0001  2000  05  27  14  30  0.03001134
G0001  2000  05  27  14  45  0.04997874
G0001  2000  05  27  15  00  0.1100728
G0001  2000  05  27  15  15  0.06002495
G0001  2000  05  27  15  30  0.03001005
G0001  2000  05  27  15  45  0.03998508
G0001  2000  05  31  11  15  0.00999439
G0001  2000  05  31  11  45  0.0099933
G0001  2000  05  31  12  00  0.00999953
G0001  2000  05  31  12  15  0.0100056
G0001  2000  05  31  20  15  0.10000405
G0001  2000  05  31  20  30  0.00999742
G0001  2000  06  01  16  15  0.00999511
G0001  2000  06  01  16  45  0.01000126
G0001  2000  06  01  17  00  0.0500135
G0001  2000  06  01  17  15  0.00999597
G0001  2000  06  01  17  30  0.010008
G0001  2000  06  04  07  30  0.01000666
G0001  2000  06  04  08  00  0.04997726
G0001  2000  06  04  08  15  0.00999251
G0001  2000  06  04  08  30  0.01000557
G0001  2000  06  04  08  45  0.0099967
G0001  2000  06  04  09  30  0.0100082
G0001  2000  06  06  07  45  0.0100071
G0001  2000  06  06  10  30  0.01000315
G0001  2000  06  06  21  30  0.00999163
G0001  2000  06  07  02  15  0.00999642
G0001  2000  06  07  05  15  0.00999916
G0001  2000  06  07  10  15  0.01998483
G0001  2000  06  07  10  30  0.01000554
G0001  2000  06  07  12  30  0.01000137
G0001  2000  06  07  16  30  0.00999504
G0001  2000  06  07  17  00  0.02000393
G0001  2000  06  07  18  15  0.01000057
G0001  2000  06  07  20  45  0.0100072
G0001  2000  06  07  21  30  0.00999879
G0001  2000  06  07  21  45  0.01000077
G0001  2000  06  07  23  00  0.0099981
G0001  2000  06  07  23  15  0.03001201
G0001  2000  06  07  23  30  0.01998825
G0001  2000  06  07  23  45  0.0200162
G0001  2000  06  08  00  00  0.02998051
G0001  2000  06  08  02  15  0.01000167
G0001  2000  06  08  03  15  0.00999204
G0001  2000  06  08  03  30  0.01000397
G0001  2000  06  08  05  15  0.00999774
G0001  2000  06  08  06  00  0.00999068
G0001  2000  06  08  07  15  0.01000193
G0001  2000  06  08  08  15  0.0199861
G0001  2000  06  08  08  30  0.06998497
G0001  2000  06  08  08  45  0.01998549
G0001  2000  06  08  09  00  0.0199964
G0001  2000  06  08  09  15  0.01999616
G0001  2000  06  08  09  30  0.03996599
G0001  2000  06  08  09  45  0.00999655
G0001  2000  06  09  12  00  0.03000261
G0001  2000  06  09  13  00  0.0500265
G0001  2000  06  09  13  15  0.01998671
G0001  2000  06  09  13  30  0.02998985
G0001  2000  06  09  13  45  0.02999241
G0001  2000  06  09  14  00  0.02998007
G0001  2000  06  09  14  15  0.10003191
G0001  2000  06  09  14  30  0.01998813
G0001  2000  06  09  14  45  0.03001917
G0001  2000  06  09  15  00  0.02997106
G0001  2000  06  09  15  15  0.05999005
G0001  2000  06  09  15  30  0.03000102
G0001  2000  06  09  15  45  0.03999514
G0001  2000  06  09  16  00  0.06005762
G0001  2000  06  09  16  15  0.0700534
G0001  2000  06  09  16  30  0.16994972
G0001  2000  06  09  16  45  0.04002532
G0001  2000  06  09  17  00  0.02998484
G0001  2000  06  09  17  15  0.01998861
G0001  2000  06  09  17  30  0.02000056
G0001  2000  06  09  18  15  0.04997733
G0001  2000  06  09  19  15  0.01000995
G0001  2000  06  09  19  45  0.00999165
G0001  2000  06  09  20  00  0.01000753
G0001  2000  06  09  20  15  0.02001245
G0001  2000  06  09  20  30  0.01998872
G0001  2000  06  09  21  00  0.02998008
G0001  2000  06  09  22  00  0.01000478
G0001  2000  06  09  22  15  0.01998991
G0001  2000  06  09  22  45  0.01000439
G0001  2000  06  09  23  00  0.0099902
G0001  2000  06  09  23  15  0.02000491
G0001  2000  06  10  01  45  0.00999618
G0001  2000  06  10  02  00  0.00999353
G0001  2000  06  10  02  15  0.04998513
G0001  2000  06  10  02  30  0.05996957
G0001  2000  06  10  02  45  0.08002988
G0001  2000  06  10  03  00  0.0600516
G0001  2000  06  10  03  30  0.01999414
G0001  2000  06  10  03  45  0.00999576
G0001  2000  06  10  04  00  0.04002043
G0001  2000  06  10  05  00  0.01000461
G0001  2000  06  10  05  15  0.01998544
G0001  2000  06  10  06  00  0.01000461
G0001  2000  06  10  07  00  0.0100013
G0001  2000  06  10  08  00  0.00999884
G0001  2000  06  10  20  30  0.00999428
G0001  2000  06  13  05  30  0.00999658
G0001  2000  06  13  06  00  0.01000194
G0001  2000  06  13  06  15  0.0300079
G0001  2000  06  13  06  30  0.0399812
G0001  2000  06  13  06  45  0.01999661
G0001  2000  06  13  07  00  0.01999003
G0001  2000  06  13  07  15  0.05995354
G0001  2000  06  13  07  30  0.00999806
G0001  2000  06  13  07  45  0.01999191
G0001  2000  06  13  08  00  0.01000295
G0001  2000  06  13  08  30  0.01000912
G0001  2000  06  13  08  45  0.00999871
G0001  2000  06  13  09  00  0.03998344
G0001  2000  06  13  09  15  0.00999044
G0001  2000  06  13  09  30  0.01000516
G0001  2000  06  13  10  15  0.05999938
G0001  2000  06  13  10  30  0.01000035
G0001  2000  06  13  11  30  0.01000959
G0001  2000  06  13  12  00  0.01000041
G0001  2000  06  13  16  45  0.01000631
G0001  2000  06  13  21  15  0.01000695
G0001  2000  06  13  22  00  0.01000151
G0001  2000  06  14  02  30  0.00999695
G0001  2000  06  14  15  30  0.00999566
G0001  2000  06  15  02  15  0.00999638
G0001  2000  06  15  06  45  0.01000278
G0001  2000  06  15  07  00  0.02999241
G0001  2000  06  15  07  15  0.0599543
G0001  2000  06  15  07  30  0.120103
G0001  2000  06  15  07  45  0.01998246
G0001  2000  06  15  17  00  0.01000068
G0001  2000  06  16  00  00  0.03996507
G0001  2000  06  16  00  15  0.14990512
G0001  2000  06  16  00  30  0.37015186
G0001  2000  06  16  00  45  0.05004618
G0001  2000  06  16  01  00  0.01000946
G0001  2000  06  16  01  15  0.04995048
G0001  2000  06  16  01  30  0.0099966
G0001  2000  06  16  05  45  0.00999655
G0001  2000  06  16  08  00  0.00999315
G0001  2000  06  17  23  15  0.00999591
G0001  2000  06  18  00  45  0.01000003
G0001  2000  06  18  01  15  0.00999392
G0001  2000  06  18  01  30  0.01000122
G0001  2000  06  18  02  00  0.00999974
G0001  2000  06  18  02  30  0.01000909
G0001  2000  06  18  03  45  0.00999681
G0001  2000  06  18  04  00  0.01000785
G0001  2000  06  22  14  15  0.0300024
G0001  2000  06  22  14  30  0.01000018
G0001  2000  06  22  14  45  0.01998143
G0001  2000  06  22  15  00  0.00999829
G0001  2000  07  05  17  00  0.02999373
G0001  2000  07  05  18  30  0.0799513
G0001  2000  07  05  18  45  0.00999986
G0001  2000  07  05  19  00  0.08003574
G0001  2000  07  05  19  15  0.22991001
G0001  2000  07  05  19  30  0.45010226
G0001  2000  07  05  19  45  0.14999466
G0001  2000  07  05  20  00  0.09005435
G0001  2000  07  05  20  15  0.04003134
G0001  2000  07  05  20  30  0.06000024
G0001  2000  07  05  20  45  0.01000944
G0001  2000  07  05  21  00  0.02999851
G0001  2000  07  05  21  15  0.00999356
G0001  2000  07  05  21  30  0.01000036
G0001  2000  07  05  22  00  0.03002677
G0001  2000  07  05  22  15  0.00999507
G0001  2000  07  05  23  00  0.02001654
G0001  2000  07  06  01  15  0.0199804
G0001  2000  07  06  01  30  0.01000027
G0001  2000  07  06  01  45  0.01000995
G0001  2000  07  06  02  45  0.0100046
G0001  2000  07  06  03  00  0.00999971
G0001  2000  07  06  06  00  0.01000281
G0001  2000  07  06  16  45  0.00999102
G0001  2000  07  06  17  00  0.01000924
G0001  2000  07  06  17  15  0.1000334
G0001  2000  07  06  17  30  0.0100062
G0001  2000  07  06  17  45  0.00999937
G0001  2000  07  07  21  15  0.02997974
G0001  2000  07  07  21  30  0.00999478
G0001  2000  07  07  21  45  0.01000973
G0001  2000  07  07  22  15  0.02001264
G0001  2000  07  10  11  00  0.0099999
G0001  2000  07  10  11  15  0.01000205
G0001  2000  07  10  12  00  0.01998349
G0001  2000  07  10  12  15  0.00999865
G0001  2000  07  10  12  30  0.08994072
G0001  2000  07  10  12  45  0.01999501
G0001  2000  07  14  14  00  0.04995916
G0001  2000  07  14  14  15  0.15000704
G0001  2000  07  14  14  30  0.76066927
G0001  2000  07  14  14  45  0.08995476
G0001  2000  07  14  15  30  0.00999074
G0001  2000  07  14  16  30  0.02001268
G0001  2000  07  14  17  00  0.00999596
G0001  2000  07  14  17  30  0.02000148
G0001  2000  07  14  17  45  0.00999332
G0001  2000  07  14  18  15  0.01000947
G0001  2000  07  14  18  30  0.01000158
G0001  2000  07  14  18  45  0.06005236
G0001  2000  07  14  19  00  0.04998977
G0001  2000  07  14  19  15  0.02000142
G0001  2000  07  14  20  00  0.00999067
G0001  2000  07  14  21  00  0.01000646
G0001  2000  07  16  16  15  0.00999861
G0001  2000  07  16  17  00  0.0199823
G0001  2000  07  16  18  15  0.01000421
G0001  2000  07  16  18  30  0.00999121
G0001  2000  07  16  18  45  0.01999053
G0001  2000  07  16  19  15  0.01000263
G0001  2000  07  16  20  15  0.00999947
G0001  2000  07  16  20  30  0.01999757
G0001  2000  07  16  21  00  0.00999396
G0001  2000  07  16  21  30  0.01000679
G0001  2000  07  16  22  00  0.02000823
G0001  2000  07  16  22  30  0.02000763
G0001  2000  07  16  23  30  0.02001854
G0001  2000  07  17  00  00  0.00999708
G0001  2000  07  17  00  15  0.00999156
G0001  2000  07  17  00  30  0.05000965
G0001  2000  07  17  00  45  0.00999873
G0001  2000  07  17  01  00  0.01000289
G0001  2000  07  17  01  30  0.01000831
G0001  2000  07  17  01  45  0.09003996
G0001  2000  07  17  02  00  0.01998626
G0001  2000  07  17  02  15  0.00999804
G0001  2000  07  17  02  30  0.10995613
G0001  2000  07  17  02  45  0.04001523
G0001  2000  07  17  03  00  0.03997966
G0001  2000  07  17  03  15  0.05999108
G0001  2000  07  17  03  30  0.25015038
G0001  2000  07  17  03  45  0.09996866
G0001  2000  07  17  04  00  0.18005935
G0001  2000  07  17  04  15  0.05995096
G0001  2000  07  17  04  30  0.03999251
G0001  2000  07  17  04  45  0.02997812
G0001  2000  07  17  05  00  0.05000625
G0001  2000  07  17  05  15  0.03000207
G0001  2000  07  17  05  30  0.03002927
G0001  2000  07  17  06  15  0.02001851
G0001  2000  07  17  06  30  0.0199957
G0001  2000  07  17  06  45  0.05004945
G0001  2000  07  17  07  00  0.0600111
G0001  2000  07  17  07  15  0.08996521
G0001  2000  07  17  07  30  0.05996208
G0001  2000  07  17  07  45  0.26001719
G0001  2000  07  17  08  00  0.28991217
G0001  2000  07  17  08  15  0.13010519
G0001  2000  07  17  08  30  0.13012674
G0001  2000  07  17  08  45  0.05000036
G0001  2000  07  17  09  00  0.180022
G0001  2000  07  17  09  15  0.02000517
G0001  2000  07  17  09  30  0.03001837
G0001  2000  07  17  09  45  0.01998131
G0001  2000  07  20  12  15  0.00999471
G0001  2000  07  21  00  00  0.01999042
G0001  2000  07  21  00  15  0.25014863
G0001  2000  07  21  00  30  0.04002858
G0001  2000  07  21  00  45  0.01998358
G0001  2000  07  28  00  30  0.02000577
G0001  2000  07  28  01  00  0.03998687
G0001  2000  07  28  01  15  0.18008802
G0001  2000  07  28  01  30  0.26982226
G0001  2000  07  28  01  45  0.11001373
G0001  2000  07  28  02  00  0.0099977
G0001  2000  07  28  02  15  0.00999229
G0001  2000  07  28  03  15  0.00999019
G0001  2000  07  28  03  30  0.01000923
G0001  2000  07  28  03  45  0.00999197
G0001  2000  07  28  04  00  0.0100083
G0001  2000  07  28  04  30  0.0100099
G0001  2000  07  28  05  30  0.00999184
G0001  2000  07  28  17  15  0.07997653
G0001  2000  07  28  17  30  0.02001635
G0001  2000  07  28  17  45  0.00999136
G0001  2000  07  30  15  00  0.01000949
G0001  2000  07  30  15  15  0.00999028
G0001  2000  07  30  15  30  0.01999167
G0001  2000  07  30  15  45  0.08006418
G0001  2000  07  30  16  00  0.02999081
G0001  2000  07  30  16  15  0.01000966
G0001  2000  07  30  16  30  0.01998958
G0001  2000  07  30  16  45  0.0100088
G0001  2000  07  30  17  30  0.02000359
G0001  2000  08  05  05  30  0.01000075
G0001  2000  08  07  17  00  0.1401259
G0001  2000  08  07  17  15  0.40972811
G0001  2000  08  07  17  30  0.90991927
G0001  2000  08  07  17  45  0.24008703
G0001  2000  08  07  18  00  0.00999315
G0001  2000  08  07  18  15  0.08995392
G0001  2000  08  08  01  00  0.01000031
G0001  2000  08  08  01  15  0.00999809
G0001  2000  08  08  01  30  0.07996775
G0001  2000  08  08  01  45  0.00999002
